2026263 2026-09-30 9 8 7
2026262 2026-09-29 3 4 7
2026261 2026-09-28 5 1 1
2026260 2026-09-27 6 1 9
2026259 2026-09-26 7 3 1
2026258 2026-09-25 6 3 5
2026257 2026-09-24 4 8 6
2026256 2026-09-23 0 5 1
2026255 2026-09-22 6 9 9
2026254 2026-09-21 8 5 0
2026253 2026-09-20 0 3 4
2026252 2026-09-19 0 9 2
2026251 2026-09-18 7 7 7
2026250 2026-09-17 9 5 4
2026249 2026-09-16 6 8 9
2026248 2026-09-15 8 7 6
2026247 2026-09-14 6 0 9
2026246 2026-09-13 9 8 2
2026245 2026-09-12 5 4 9
2026244 2026-09-11 6 5 4
2026243 2026-09-10 2 1 9
2026242 2026-09-09 5 5 5
2026241 2026-09-08 0 0 2
2026240 2026-09-07 9 8 1
2026239 2026-09-06 0 0 2
2026238 2026-09-05 8 9 9
2026237 2026-09-04 8 5 4
2026236 2026-09-03 0 4 7
2026235 2026-09-02 2 1 9
2026234 2026-09-01 6 9 5
2026233 2026-08-31 9 7 0
2026232 2026-08-30 6 5 8
2026231 2026-08-29 7 3 3
2026230 2026-08-28 0 6 6
2026229 2026-08-27 8 2 8
2026228 2026-08-26 3 9 9
2026227 2026-08-25 5 2 2
2026226 2026-08-24 8 5 1
2026225 2026-08-23 5 5 5
2026224 2026-08-22 8 6 2
2026223 2026-08-21 9 4 8
2026222 2026-08-20 3 8 0
2026221 2026-08-19 2 9 6
2026220 2026-08-18 3 7 3
2026219 2026-08-17 2 2 5
2026218 2026-08-16 3 8 2
2026217 2026-08-15 8 8 2
2026216 2026-08-14 9 3 5
2026215 2026-08-13 1 7 2
2026214 2026-08-12 5 4 5
2026213 2026-08-11 8 7 2
2026212 2026-08-10 5 6 1
2026211 2026-08-09 7 0 8
2026210 2026-08-08 7 5 5
2026209 2026-08-07 2 8 9
2026208 2026-08-06 6 3 2
2026207 2026-08-05 4 1 5
2026206 2026-08-04 9 4 2
2026205 2026-08-03 8 1 4
2026204 2026-08-02 9 7 8
2026203 2026-08-01 4 3 5
2026202 2026-07-31 9 8 8
2026201 2026-07-30 3 2 1
2026200 2026-07-29 9 1 2
2026199 2026-07-28 5 9 1
2026198 2026-07-27 6 8 5
2026197 2026-07-26 2 3 2
2026196 2026-07-25 4 1 9
2026195 2026-07-24 2 7 5
2026194 2026-07-23 2 8 3
2026193 2026-07-22 2 5 4
2026192 2026-07-21 4 2 5
2026191 2026-07-20 9 0 6
2026190 2026-07-19 0 2 6
2026189 2026-07-18 5 5 8
2026188 2026-07-17 9 6 9
2026187 2026-07-16 0 2 3
2026186 2026-07-15 0 4 5
2026185 2026-07-14 3 9 7
2026184 2026-07-13 9 0 2
2026183 2026-07-12 9 2 3
2026182 2026-07-11 6 6 2
2026181 2026-07-10 8 1 8
2026180 2026-07-09 5 2 0
2026179 2026-07-08 9 9 3
2026178 2026-07-07 2 6 6
2026177 2026-07-06 8 0 8
2026176 2026-07-05 2 6 9
2026175 2026-07-04 4 2 1
2026174 2026-07-03 6 1 8
2026173 2026-07-02 6 7 7
2026172 2026-07-01 4 4 5
2026171 2026-06-30 1 3 4
2026170 2026-06-29 8 0 5
2026169 2026-06-28 8 3 2
2026168 2026-06-27 1 3 0
2026167 2026-06-26 6 3 1
2026166 2026-06-25 9 0 0
2026165 2026-06-24 4 2 4
2026164 2026-06-23 6 9 0
