2026263 2026-09-30 07 08 09 10 11 13 22 24 25 26 31 33 37 45 50 51 62 67 70 80
2026262 2026-09-29 04 06 09 12 15 17 20 33 42 44 49 54 55 59 61 65 72 73 78 80
2026261 2026-09-28 01 11 17 21 23 27 28 35 37 42 45 46 48 61 72 73 75 78 79 80
2026260 2026-09-27 02 07 16 19 21 25 30 31 33 35 42 45 50 52 53 55 56 60 63 72
2026259 2026-09-26 05 06 13 26 29 30 34 36 44 50 54 56 61 62 66 73 74 76 79 80
2026258 2026-09-25 07 13 14 15 17 19 20 24 28 30 35 44 50 51 54 57 60 64 75 78
2026257 2026-09-24 01 04 07 08 10 13 23 24 31 33 39 40 47 48 58 61 65 74 76 79
2026256 2026-09-23 01 02 06 11 12 14 15 22 24 32 33 35 38 46 67 68 71 73 74 76
2026255 2026-09-22 02 09 12 16 18 23 26 31 36 44 47 52 54 55 59 60 61 66 72 77
2026254 2026-09-21 02 04 10 13 18 20 21 26 32 37 43 49 50 57 62 66 69 73 78 80
2026253 2026-09-20 01 02 08 17 23 24 29 31 40 41 46 47 51 54 59 62 65 72 74 79
2026252 2026-09-19 02 03 04 08 36 38 40 41 46 49 50 52 53 56 57 62 63 65 68 72
2026251 2026-09-18 01 04 08 09 10 11 18 26 28 29 43 49 51 52 53 54 62 66 70 76
2026250 2026-09-17 04 05 06 08 17 22 23 31 35 47 49 51 59 60 62 65 67 68 76 78
2026249 2026-09-16 04 08 10 11 13 26 29 34 41 50 51 52 53 57 59 65 66 73 74 77
2026248 2026-09-15 03 05 09 15 23 28 31 33 34 35 39 42 48 50 53 70 73 74 76 78
2026247 2026-09-14 05 07 19 22 28 29 38 39 41 42 43 44 55 58 61 65 66 71 72 73
2026246 2026-09-13 03 08 10 16 18 20 23 29 31 35 51 53 54 56 58 69 70 75 78 80
2026245 2026-09-12 05 06 09 15 18 25 26 27 30 31 34 36 39 43 44 48 54 63 65 77
2026244 2026-09-11 01 04 07 08 10 12 34 46 47 53 55 56 59 61 63 65 71 73 78 79
2026243 2026-09-10 01 02 03 09 21 29 31 36 37 41 43 46 50 55 64 67 68 70 74 76
2026242 2026-09-09 04 20 28 32 35 37 39 44 48 50 52 53 55 56 57 63 71 72 76 77
2026241 2026-09-08 07 09 15 16 18 19 32 33 36 37 40 52 53 60 62 63 66 68 69 73
2026240 2026-09-07 02 06 09 10 16 21 27 28 32 33 38 39 55 63 64 66 67 70 75 78
2026239 2026-09-06 14 17 20 21 26 27 29 30 37 44 45 47 54 55 61 65 68 69 77 79
2026238 2026-09-05 01 04 06 11 12 16 17 20 22 32 41 47 51 52 62 63 64 68 72 75
2026237 2026-09-04 02 06 09 13 15 17 18 20 21 30 37 43 48 51 53 55 58 68 74 77
2026236 2026-09-03 15 19 24 25 28 29 31 37 45 50 55 56 61 62 64 65 70 75 76 80
2026235 2026-09-02 02 11 14 19 21 23 36 48 50 51 53 60 62 64 66 72 73 75 78 80
2026234 2026-09-01 03 08 15 21 36 37 42 44 46 50 52 55 56 57 60 61 68 72 75 79
2026233 2026-08-31 03 05 07 17 19 24 26 30 31 34 35 36 42 44 52 53 55 63 65 66
2026232 2026-08-30 01 05 09 11 14 27 29 32 36 41 54 55 57 61 63 67 69 71 73 79
2026231 2026-08-29 12 17 26 28 31 34 37 42 44 51 52 55 59 60 61 62 68 74 75 79
2026230 2026-08-28 03 07 08 13 14 21 24 28 33 35 38 44 50 51 54 59 69 74 77 78
2026229 2026-08-27 14 26 33 39 41 47 48 56 59 61 64 65 66 68 71 72 76 77 78 80
2026228 2026-08-26 08 13 15 17 19 23 24 27 28 35 40 41 42 45 46 47 52 56 67 80
2026227 2026-08-25 04 09 10 12 17 18 22 28 33 38 42 44 47 48 61 63 64 67 73 74
2026226 2026-08-24 08 09 10 15 16 20 30 34 36 37 43 45 46 47 48 50 53 62 65 66
2026225 2026-08-23 03 04 07 12 13 16 20 21 25 26 32 41 43 44 47 53 60 68 73 76
2026224 2026-08-22 03 06 15 19 20 22 23 24 27 29 36 42 45 46 49 55 56 75 76 78
2026223 2026-08-21 03 19 22 27 28 33 34 35 36 40 50 51 54 57 64 67 68 69 75 79
2026222 2026-08-20 02 05 07 09 17 18 21 25 28 31 32 33 34 35 38 51 57 58 61 65
2026221 2026-08-19 01 02 03 05 10 18 21 25 28 34 35 41 48 51 54 58 59 60 77 79
2026220 2026-08-18 05 06 10 12 17 20 21 23 24 25 33 35 38 39 40 41 43 49 67 71
2026219 2026-08-17 02 03 05 06 13 15 20 35 36 39 47 48 51 58 65 67 72 73 79 80
2026218 2026-08-16 03 05 07 11 15 17 18 19 22 24 29 41 43 47 49 50 59 62 78 80
2026217 2026-08-15 07 08 10 11 14 18 20 21 24 28 29 33 41 46 67 68 74 76 77 78
2026216 2026-08-14 02 03 13 19 22 24 25 28 29 42 43 45 49 62 63 69 70 72 76 80
2026215 2026-08-13 01 09 14 19 21 22 24 27 36 41 44 51 55 60 61 69 71 76 78 80
2026214 2026-08-12 02 07 12 18 20 21 23 25 32 34 35 37 40 45 47 51 55 59 61 71
