26263 2026-09-30 1 7 1 4 2
26262 2026-09-29 2 7 3 0 2
26261 2026-09-28 5 3 8 5 9
26260 2026-09-27 4 4 9 1 0
26259 2026-09-26 3 7 9 0 2
26258 2026-09-25 1 3 7 4 1
26257 2026-09-24 4 9 3 3 0
26256 2026-09-23 6 9 0 4 3
26255 2026-09-22 7 6 4 2 5
26254 2026-09-21 0 6 9 4 0
26253 2026-09-20 8 9 3 5 1
26252 2026-09-19 1 9 0 9 0
26251 2026-09-18 2 3 7 7 1
26250 2026-09-17 9 8 5 8 1
26249 2026-09-16 8 7 2 4 1
26248 2026-09-15 1 2 6 2 2
26247 2026-09-14 0 5 1 9 8
26246 2026-09-13 2 8 6 6 5
26245 2026-09-12 1 2 5 0 2
26244 2026-09-11 6 2 0 4 3
26243 2026-09-10 9 1 5 5 3
26242 2026-09-09 2 4 4 8 2
26241 2026-09-08 0 5 0 7 6
26240 2026-09-07 5 7 9 5 3
26239 2026-09-06 4 7 0 6 1
26238 2026-09-05 3 6 1 7 3
26237 2026-09-04 9 5 0 8 1
26236 2026-09-03 1 7 3 2 6
26235 2026-09-02 7 7 9 6 7
26234 2026-09-01 3 0 1 2 9
26233 2026-08-31 1 6 3 4 0
26232 2026-08-30 8 0 2 3 3
26231 2026-08-29 1 8 7 9 9
26230 2026-08-28 9 4 6 8 3
26229 2026-08-27 2 8 0 5 4
26228 2026-08-26 5 6 0 2 5
26227 2026-08-25 4 3 1 9 5
26226 2026-08-24 2 0 1 6 9
26225 2026-08-23 1 1 6 3 5
26224 2026-08-22 9 1 2 4 0
26223 2026-08-21 2 2 3 7 3
26222 2026-08-20 8 7 7 7 1
26221 2026-08-19 9 6 9 8 8
26220 2026-08-18 4 8 2 9 9
26219 2026-08-17 6 6 2 1 9
26218 2026-08-16 0 7 9 5 0
26217 2026-08-15 0 1 9 6 6
26216 2026-08-14 9 5 3 0 0
26215 2026-08-13 9 2 7 3 8
26214 2026-08-12 0 1 4 9 0
26213 2026-08-11 7 4 0 7 1
26212 2026-08-10 8 3 9 4 3
26211 2026-08-09 5 1 5 4 3
26210 2026-08-08 0 9 4 5 1
26209 2026-08-07 9 8 2 7 7
26208 2026-08-06 4 7 1 8 6
26207 2026-08-05 8 6 6 4 4
26206 2026-08-04 7 0 9 6 5
26205 2026-08-03 8 0 6 0 8
26204 2026-08-02 6 7 4 0 7
26203 2026-08-01 1 3 5 6 8
26202 2026-07-31 9 6 1 7 0
26201 2026-07-30 8 6 2 7 1
26200 2026-07-29 0 7 7 2 0
26199 2026-07-28 3 0 5 0 7
26198 2026-07-27 7 1 9 0 7
26197 2026-07-26 4 7 3 4 1
26196 2026-07-25 7 2 6 3 2
26195 2026-07-24 5 9 5 1 6
26194 2026-07-23 7 0 1 0 6
26193 2026-07-22 1 8 0 6 8
26192 2026-07-21 3 0 6 1 4
26191 2026-07-20 0 6 9 8 9
26190 2026-07-19 5 5 4 0 8
26189 2026-07-18 9 5 0 6 5
26188 2026-07-17 6 0 7 7 0
26187 2026-07-16 0 8 6 7 8
26186 2026-07-15 6 6 5 0 1
26185 2026-07-14 7 8 5 7 9
26184 2026-07-13 1 4 2 4 6
26183 2026-07-12 3 5 2 6 2
26182 2026-07-11 3 1 3 4 0
26181 2026-07-10 1 2 4 4 4
26180 2026-07-09 0 0 5 7 2
26179 2026-07-08 3 9 6 2 3
26178 2026-07-07 8 3 7 9 9
26177 2026-07-06 8 2 6 7 0
26176 2026-07-05 5 8 4 8 1
26175 2026-07-04 8 3 8 1 3
26174 2026-07-03 1 5 7 6 6
26173 2026-07-02 2 5 9 7 5
26172 2026-07-01 7 7 1 1 5
26171 2026-06-30 0 4 8 1 7
26170 2026-06-29 4 1 7 7 2
26169 2026-06-28 8 8 4 7 3
26168 2026-06-27 1 9 2 7 4
26167 2026-06-26 0 1 2 3 1
26166 2026-06-25 2 2 9 5 0
26165 2026-06-24 2 9 4 4 9
26164 2026-06-23 7 1 5 7 2
26163 2026-06-22 3 4 6 4 9
26162 2026-06-21 3 6 9 6 3
26161 2026-06-20 5 6 2 0 5
26160 2026-06-19 5 5 1 6 4
26159 2026-06-18 5 5 7 6 0
26158 2026-06-17 9 1 1 3 3
26157 2026-06-16 8 3 0 3 4
26156 2026-06-15 6 4 1 7 0
26155 2026-06-14 4 8 5 4 7
26154 2026-06-13 4 7 3 8 6
26153 2026-06-12 3 8 9 4 9
26152 2026-06-11 1 5 1 4 8
26151 2026-06-10 9 8 3 9 4
26150 2026-06-09 3 4 0 7 1
26149 2026-06-08 3 2 5 3 3
26148 2026-06-07 0 6 5 6 2
26147 2026-06-06 5 9 0 5 3
26146 2026-06-05 1 5 4 9 2
26145 2026-06-04 9 9 3 0 0
26144 2026-06-03 4 6 2 6 5
26143 2026-06-02 7 4 4 0 0
26142 2026-06-01 9 1 6 1 7
26141 2026-05-31 2 1 5 8 2
26140 2026-05-30 4 2 1 7 8
26139 2026-05-29 1 9 8 1 1
26138 2026-05-28 2 6 3 5 6
26137 2026-05-27 5 4 4 3 6
26136 2026-05-26 4 6 6 2 3
26135 2026-05-25 9 3 9 2 5
26134 2026-05-24 5 1 5 3 3
26133 2026-05-23 5 4 3 7 0
26132 2026-05-22 4 4 3 5 0
26131 2026-05-21 9 6 8 4 1
26130 2026-05-20 0 7 0 1 3
26129 2026-05-19 6 8 3 3 1
26128 2026-05-18 5 1 2 2 8
26127 2026-05-17 9 3 6 0 3
26126 2026-05-16 8 3 5 2 6
26125 2026-05-15 8 6 7 2 1
26124 2026-05-14 7 8 5 3 2
26123 2026-05-13 9 5 5 1 2
26122 2026-05-12 7 4 7 6 1
26121 2026-05-11 0 4 0 3 3
26120 2026-05-10 2 9 6 4 8
26119 2026-05-09 2 2 2 1 9
26118 2026-05-08 2 7 2 3 1
26117 2026-05-07 0 9 1 2 8
26116 2026-05-06 9 5 1 4 3
26115 2026-05-05 3 3 3 0 1
26114 2026-05-04 0 1 7 7 3
26113 2026-05-03 9 2 5 8 5
26112 2026-05-02 6 5 2 9 3
26111 2026-05-01 8 7 7 9 0
26110 2026-04-30 3 4 3 0 4
26109 2026-04-29 0 8 8 1 2
26108 2026-04-28 6 5 6 3 8
26107 2026-04-27 1 5 4 1 3
26106 2026-04-26 3 4 3 9 9
26105 2026-04-25 2 1 7 6 3
26104 2026-04-24 7 8 6 7 0
26103 2026-04-23 9 0 1 2 0
26102 2026-04-22 4 9 0 2 6
26101 2026-04-21 0 9 0 3 3
26100 2026-04-20 2 0 7 5 8
26099 2026-04-19 4 2 4 1 4
26098 2026-04-18 9 7 4 3 5
26097 2026-04-17 2 2 6 8 2
26096 2026-04-16 6 4 3 9 1
26095 2026-04-15 5 6 8 1 9
26094 2026-04-14 9 3 8 1 1
26093 2026-04-13 9 9 8 7 6
26092 2026-04-12 7 6 1 2 0
26091 2026-04-11 2 0 2 8 2
26090 2026-04-10 9 5 4 4 3
26089 2026-04-09 2 1 6 3 4
26088 2026-04-08 4 7 4 5 9
26087 2026-04-07 0 7 0 7 6
26086 2026-04-06 3 3 4 8 8
26085 2026-04-05 0 2 0 7 7
26084 2026-04-04 0 0 4 9 3
26083 2026-04-03 9 0 3 4 0
26082 2026-04-02 0 4 8 3 8
26081 2026-04-01 6 9 0 1 6
26080 2026-03-31 7 7 0 0 6
26079 2026-03-30 1 9 5 9 9
26078 2026-03-29 6 3 4 8 6
26077 2026-03-28 7 8 0 7 4
26076 2026-03-27 4 1 9 6 4
26075 2026-03-26 4 3 7 4 3
26074 2026-03-25 4 0 6 3 3
26073 2026-03-24 3 2 5 0 0
26072 2026-03-23 1 1 5 1 4
26071 2026-03-22 5 5 1 5 3
26070 2026-03-21 1 3 1 8 9
26069 2026-03-20 1 1 4 6 9
26068 2026-03-19 8 4 0 0 9
26067 2026-03-18 4 2 8 1 2
26066 2026-03-17 8 0 7 8 7
26065 2026-03-16 8 5 1 8 5
26064 2026-03-15 5 2 8 9 4
26063 2026-03-14 7 2 3 8 4
26062 2026-03-13 3 1 5 4 2
26061 2026-03-12 3 4 7 4 9
26060 2026-03-11 1 1 8 0 0
26059 2026-03-10 2 0 9 9 6
26058 2026-03-09 5 9 0 6 4
26057 2026-03-08 4 7 9 3 1
26056 2026-03-07 1 1 9 2 1
26055 2026-03-06 5 3 7 5 2
26054 2026-03-05 6 5 5 6 4
26053 2026-03-04 7 4 4 9 2
26052 2026-03-03 6 4 9 1 5
26051 2026-03-02 0 4 5 3 7
26050 2026-03-01 4 3 5 4 7
26049 2026-02-28 5 9 2 5 9
26048 2026-02-27 0 9 7 6 7
26047 2026-02-26 3 3 0 4 5
26046 2026-02-25 7 0 3 2 3
26045 2026-02-24 1 4 4 7 1
26044 2026-02-13 0 5 1 6 2
26043 2026-02-12 1 7 9 2 7
26042 2026-02-11 7 9 5 2 4
26041 2026-02-10 6 3 9 6 5
26040 2026-02-09 0 0 9 7 9
26039 2026-02-08 8 5 2 8 8
26038 2026-02-07 7 8 9 8 7
26037 2026-02-06 7 2 4 5 2
26036 2026-02-05 7 8 8 2 4
26035 2026-02-04 7 1 7 0 4
26034 2026-02-03 2 1 6 9 9
26033 2026-02-02 1 4 1 3 2
26032 2026-02-01 7 3 0 7 8
26031 2026-01-31 7 8 6 9 6
26030 2026-01-30 8 1 1 5 2
26029 2026-01-29 6 1 3 7 8
26028 2026-01-28 4 9 9 9 5
26027 2026-01-27 0 8 4 0 7
26026 2026-01-26 2 9 1 4 4
26025 2026-01-25 1 8 1 1 1
26024 2026-01-24 2 6 8 3 2
26023 2026-01-23 4 9 5 2 7
26022 2026-01-22 2 5 5 0 2
26021 2026-01-21 2 6 3 0 2
26020 2026-01-20 0 9 5 8 4
26019 2026-01-19 8 4 8 9 7
26018 2026-01-18 8 9 6 3 2
26017 2026-01-17 1 1 2 8 8
26016 2026-01-16 2 1 5 9 1
26015 2026-01-15 2 0 2 4 4
26014 2026-01-14 8 3 3 8 2
26013 2026-01-13 4 7 7 8 7
26012 2026-01-12 5 2 2 0 1
26011 2026-01-11 0 3 0 6 7
26010 2026-01-10 9 2 0 3 4
26009 2026-01-09 2 4 8 2 1
26008 2026-01-08 5 0 9 6 3
26007 2026-01-07 1 2 6 6 0
26006 2026-01-06 7 1 8 8 8
26005 2026-01-05 0 6 1 6 9
26004 2026-01-04 8 7 8 8 2
26003 2026-01-03 0 8 6 8 9
26002 2026-01-02 6 8 9 2 3
26001 2026-01-01 8 3 0 1 3
25351 2025-12-31 6 1 7 2 9
25350 2025-12-30 6 7 3 4 4
25349 2025-12-29 0 3 2 2 6
25348 2025-12-28 3 7 3 1 4
25347 2025-12-27 6 9 5 6 7
25346 2025-12-26 8 2 6 0 8
25345 2025-12-25 4 3 1 9 7
25344 2025-12-24 4 9 5 7 0
25343 2025-12-23 0 1 2 5 9
25342 2025-12-22 0 7 9 2 3
25341 2025-12-21 8 1 7 5 4
25340 2025-12-20 2 5 5 6 0
25339 2025-12-19 9 0 0 4 9
25338 2025-12-18 1 6 4 6 3
25337 2025-12-17 5 5 4 3 8
25336 2025-12-16 4 1 2 6 0
25335 2025-12-15 2 7 6 4 5
25334 2025-12-14 5 8 3 3 7
25333 2025-12-13 9 6 1 0 3
25332 2025-12-12 9 3 9 4 1
25331 2025-12-11 9 8 0 9 1
25330 2025-12-10 5 9 4 5 4
25329 2025-12-09 3 7 0 9 0
25328 2025-12-08 8 2 5 1 6
25327 2025-12-07 8 2 9 2 4
25326 2025-12-06 0 4 5 1 9
25325 2025-12-05 8 3 6 0 3
25324 2025-12-04 5 1 3 9 6
25323 2025-12-03 6 8 7 1 4
25322 2025-12-02 1 4 8 3 8
25321 2025-12-01 5 6 8 0 8
25320 2025-11-30 7 2 5 6 2
25319 2025-11-29 8 6 5 5 0
25318 2025-11-28 4 3 8 4 9
25317 2025-11-27 7 5 6 6 9
25316 2025-11-26 9 1 8 1 5
25315 2025-11-25 9 7 3 6 7
25314 2025-11-24 8 0 2 4 5
25313 2025-11-23 4 4 5 5 1
25312 2025-11-22 1 0 9 5 0
25311 2025-11-21 1 1 4 5 0
25310 2025-11-20 0 1 6 5 9
25309 2025-11-19 5 2 7 2 9
25308 2025-11-18 2 3 4 6 5
25307 2025-11-17 6 1 8 1 1
25306 2025-11-16 1 7 8 6 7
25305 2025-11-15 4 9 7 4 9
25304 2025-11-14 0 7 9 1 3
25303 2025-11-13 9 4 3 8 2
25302 2025-11-12 0 1 6 3 1
25301 2025-11-11 5 8 2 0 9
25300 2025-11-10 8 4 3 0 0
25299 2025-11-09 3 0 0 9 7
25298 2025-11-08 1 4 1 2 7
25297 2025-11-07 4 5 3 8 6
25296 2025-11-06 0 5 2 3 5
25295 2025-11-05 1 2 4 5 1
25294 2025-11-04 9 9 4 4 9
25293 2025-11-03 0 9 4 4 1
25292 2025-11-02 6 7 3 5 8
25291 2025-11-01 9 4 8 5 6
25290 2025-10-31 1 2 5 1 0
25289 2025-10-30 6 8 5 6 6
25288 2025-10-29 5 0 4 2 6
25287 2025-10-28 1 8 0 3 2
25286 2025-10-27 6 4 1 0 5
25285 2025-10-26 9 0 5 3 2
25284 2025-10-25 2 4 7 3 3
25283 2025-10-24 0 5 7 8 3
25282 2025-10-23 0 9 6 9 1
25281 2025-10-22 7 0 7 9 4
25280 2025-10-21 5 3 9 3 2
25279 2025-10-20 3 7 5 7 5
25278 2025-10-19 6 2 7 8 2
25277 2025-10-18 4 3 2 2 1
25276 2025-10-17 9 8 2 6 2
25275 2025-10-16 1 5 0 7 0
25274 2025-10-15 7 8 7 7 1
25273 2025-10-14 4 1 7 3 3
25272 2025-10-13 7 6 7 4 7
25271 2025-10-12 8 9 8 5 8
25270 2025-10-11 0 1 8 2 6
25269 2025-10-10 8 7 5 0 2
25268 2025-10-09 3 2 1 3 9
25267 2025-10-08 8 5 6 1 5
25266 2025-10-07 7 4 2 5 0
25265 2025-10-06 2 8 1 4 7
25264 2025-10-05 2 0 2 0 1
25263 2025-09-30 1 4 8 0 0
25262 2025-09-29 5 1 2 6 3
25261 2025-09-28 8 7 7 5 3
25260 2025-09-27 5 1 4 5 5
25259 2025-09-26 4 2 0 9 9
25258 2025-09-25 0 3 8 6 3
25257 2025-09-24 5 6 1 5 0
25256 2025-09-23 7 9 7 7 5
25255 2025-09-22 5 8 3 2 1
25254 2025-09-21 6 2 8 8 4
25253 2025-09-20 6 9 3 0 7
25252 2025-09-19 1 9 0 5 3
25251 2025-09-18 5 5 8 5 4
25250 2025-09-17 1 7 8 0 6
25249 2025-09-16 5 3 2 0 8
25248 2025-09-15 9 8 3 8 5
25247 2025-09-14 3 6 4 2 3
25246 2025-09-13 2 0 7 6 7
25245 2025-09-12 9 9 4 9 2
25244 2025-09-11 7 5 8 6 2
25243 2025-09-10 8 1 2 8 1
25242 2025-09-09 5 2 3 9 3
25241 2025-09-08 2 8 6 3 8
25240 2025-09-07 6 2 7 6 2
25239 2025-09-06 2 2 0 1 7
25238 2025-09-05 7 5 4 5 5
25237 2025-09-04 7 1 3 3 9
25236 2025-09-03 1 5 1 1 1
25235 2025-09-02 3 2 1 4 8
25234 2025-09-01 2 8 2 5 7
25233 2025-08-31 1 4 3 9 0
25232 2025-08-30 3 9 7 6 2
25231 2025-08-29 2 5 8 5 4
25230 2025-08-28 1 7 8 0 5
25229 2025-08-27 1 2 3 0 2
25228 2025-08-26 1 6 4 6 5
25227 2025-08-25 4 5 3 9 1
25226 2025-08-24 3 7 3 2 7
25225 2025-08-23 0 0 9 0 7
25224 2025-08-22 0 2 1 9 2
25223 2025-08-21 7 9 5 0 4
25222 2025-08-20 6 6 0 8 8
25221 2025-08-19 7 9 1 7 8
25220 2025-08-18 3 5 3 2 6
25219 2025-08-17 7 8 4 9 3
25218 2025-08-16 3 0 7 8 7
25217 2025-08-15 2 4 2 0 7
25216 2025-08-14 4 1 0 6 5
25215 2025-08-13 6 9 5 9 6
25214 2025-08-12 1 7 6 6 7
25213 2025-08-11 8 6 8 5 7
25212 2025-08-10 2 2 3 5 0
25211 2025-08-09 0 5 0 9 9
25210 2025-08-08 6 2 2 2 5
25209 2025-08-07 9 2 1 4 8
25208 2025-08-06 3 0 9 4 4
25207 2025-08-05 1 5 4 5 9
25206 2025-08-04 6 0 5 3 2
25205 2025-08-03 7 8 3 2 9
25204 2025-08-02 8 3 0 7 4
25203 2025-08-01 7 3 5 1 6
25202 2025-07-31 2 5 3 7 3
25201 2025-07-30 4 0 1 3 0
25200 2025-07-29 2 1 1 2 9
25199 2025-07-28 4 8 5 9 3
25198 2025-07-27 7 1 7 8 3
25197 2025-07-26 8 6 9 2 0
25196 2025-07-25 9 4 1 4 0
25195 2025-07-24 2 1 0 9 0
25194 2025-07-23 2 7 0 3 7
25193 2025-07-22 2 6 5 4 9
25192 2025-07-21 6 8 3 5 7
25191 2025-07-20 6 6 9 4 0
25190 2025-07-19 4 9 9 7 2
25189 2025-07-18 5 5 6 5 1
25188 2025-07-17 6 2 3 7 3
25187 2025-07-16 6 4 1 6 0
25186 2025-07-15 5 1 4 2 3
25185 2025-07-14 3 0 8 7 3
25184 2025-07-13 2 2 1 8 7
25183 2025-07-12 1 7 7 5 9
25182 2025-07-11 7 2 1 4 6
25181 2025-07-10 8 9 4 5 8
25180 2025-07-09 8 8 9 5 7
25179 2025-07-08 9 7 2 1 6
25178 2025-07-07 7 1 4 3 6
25177 2025-07-06 9 7 7 9 9
25176 2025-07-05 9 4 9 4 6
25175 2025-07-04 4 1 3 3 9
25174 2025-07-03 1 3 1 3 5
25173 2025-07-02 6 7 3 6 3
25172 2025-07-01 7 2 4 5 1
25171 2025-06-30 1 0 5 2 8
25170 2025-06-29 5 0 2 4 4
25169 2025-06-28 6 9 9 3 8
25168 2025-06-27 2 0 3 2 7
25167 2025-06-26 2 6 7 4 6
25166 2025-06-25 6 9 6 6 4
25165 2025-06-24 1 0 3 2 3
25164 2025-06-23 5 1 9 1 3
25163 2025-06-22 7 6 6 2 3
25162 2025-06-21 3 1 7 4 2
25161 2025-06-20 2 4 8 8 4
25160 2025-06-19 1 7 1 5 2
25159 2025-06-18 2 7 4 1 9
25158 2025-06-17 8 8 2 7 2
25157 2025-06-16 2 5 0 9 2
25156 2025-06-15 6 3 8 0 9
25155 2025-06-14 0 4 0 1 9
25154 2025-06-13 9 8 9 6 6
25153 2025-06-12 8 9 4 5 8
25152 2025-06-11 7 4 7 0 6
25151 2025-06-10 6 8 6 4 7
25150 2025-06-09 2 1 2 3 7
25149 2025-06-08 7 7 2 9 1
25148 2025-06-07 5 5 7 0 4
25147 2025-06-06 0 2 3 0 5
25146 2025-06-05 8 2 2 4 7
25145 2025-06-04 4 7 1 5 9
25144 2025-06-03 3 8 9 9 3
25143 2025-06-02 9 4 4 4 2
25142 2025-06-01 3 4 3 0 4
25141 2025-05-31 4 7 5 0 8
25140 2025-05-30 2 6 7 6 0
25139 2025-05-29 1 5 5 7 5
25138 2025-05-28 8 9 5 6 3
25137 2025-05-27 7 2 1 1 4
25136 2025-05-26 3 2 4 4 2
25135 2025-05-25 8 1 6 9 5
25134 2025-05-24 5 1 0 1 9
25133 2025-05-23 8 6 6 0 3
25132 2025-05-22 2 7 5 5 3
25131 2025-05-21 3 6 7 2 6
25130 2025-05-20 0 6 8 5 9
25129 2025-05-19 1 8 9 4 8
25128 2025-05-18 8 7 0 4 7
25127 2025-05-17 4 9 2 9 0
25126 2025-05-16 1 8 4 8 0
25125 2025-05-15 6 2 7 7 4
25124 2025-05-14 5 2 7 9 0
25123 2025-05-13 8 4 2 3 1
25122 2025-05-12 0 3 0 4 4
25121 2025-05-11 4 2 4 9 9
25120 2025-05-10 4 0 1 5 4
25119 2025-05-09 7 0 3 0 0
25118 2025-05-08 2 5 5 8 8
25117 2025-05-07 1 7 0 1 8
25116 2025-05-06 3 6 0 4 6
25115 2025-05-05 8 4 7 4 0
25114 2025-05-04 1 9 2 4 0
25113 2025-05-03 0 2 9 7 5
25112 2025-05-02 4 8 3 8 6
25111 2025-05-01 5 8 8 8 6
25110 2025-04-30 1 1 6 5 2
25109 2025-04-29 6 1 9 7 9
25108 2025-04-28 8 7 7 4 2
25107 2025-04-27 7 2 6 2 7
25106 2025-04-26 0 7 6 7 6
25105 2025-04-25 0 8 4 9 2
25104 2025-04-24 1 4 4 9 1
25103 2025-04-23 4 7 1 4 0
25102 2025-04-22 2 3 3 4 3
25101 2025-04-21 9 1 1 5 7
25100 2025-04-20 9 9 7 0 2
25099 2025-04-19 1 7 4 5 1
25098 2025-04-18 1 9 2 7 5
25097 2025-04-17 1 7 1 6 9
25096 2025-04-16 9 4 8 7 1
25095 2025-04-15 6 7 2 7 8
25094 2025-04-14 5 3 4 0 6
25093 2025-04-13 4 3 2 2 5
25092 2025-04-12 7 2 1 9 4
25091 2025-04-11 8 3 0 0 6
25090 2025-04-10 9 9 3 4 8
25089 2025-04-09 2 0 8 8 3
25088 2025-04-08 2 2 2 3 1
25087 2025-04-07 8 4 5 7 9
25086 2025-04-06 6 3 4 4 4
25085 2025-04-05 3 5 3 2 7
25084 2025-04-04 3 0 4 7 5
25083 2025-04-03 5 9 3 9 7
25082 2025-04-02 3 4 4 5 2
25081 2025-04-01 7 6 6 8 3
25080 2025-03-31 7 3 8 6 4
25079 2025-03-30 2 9 6 7 6
25078 2025-03-29 1 1 3 4 6
25077 2025-03-28 4 2 5 7 9
25076 2025-03-27 4 0 7 5 0
25075 2025-03-26 7 4 3 7 3
25074 2025-03-25 1 7 9 6 2
25073 2025-03-24 1 3 2 9 9
25072 2025-03-23 9 3 5 9 4
25071 2025-03-22 4 6 2 8 8
25070 2025-03-21 7 7 1 1 5
25069 2025-03-20 9 3 4 1 1
25068 2025-03-19 9 7 5 6 2
25067 2025-03-18 6 7 1 6 1
25066 2025-03-17 1 8 4 6 2
25065 2025-03-16 9 9 0 3 1
25064 2025-03-15 6 5 6 4 0
25063 2025-03-14 4 6 6 7 6
25062 2025-03-13 2 5 7 1 2
25061 2025-03-12 4 9 0 4 5
25060 2025-03-11 7 9 3 3 3
25059 2025-03-10 7 7 1 2 8
25058 2025-03-09 6 7 2 9 1
25057 2025-03-08 7 6 5 4 4
25056 2025-03-07 7 1 6 1 2
25055 2025-03-06 9 1 6 4 5
25054 2025-03-05 3 8 4 4 0
25053 2025-03-04 8 9 9 3 0
25052 2025-03-03 3 3 7 2 6
25051 2025-03-02 9 7 3 6 1
25050 2025-03-01 5 7 0 5 7
25049 2025-02-28 0 3 7 3 0
25048 2025-02-27 5 7 0 4 3
25047 2025-02-26 8 0 6 2 1
25046 2025-02-25 3 7 2 5 7
25045 2025-02-24 7 2 2 9 2
25044 2025-02-23 8 0 5 7 3
25043 2025-02-22 5 5 2 2 5
25042 2025-02-21 6 7 5 5 3
25041 2025-02-20 9 1 6 2 1
25040 2025-02-19 8 7 5 2 1
25039 2025-02-18 5 8 8 6 6
25038 2025-02-17 3 6 6 1 4
25037 2025-02-16 5 7 8 8 7
25036 2025-02-15 5 2 1 0 2
25035 2025-02-14 8 4 9 7 8
25034 2025-02-13 3 0 9 1 2
25033 2025-02-12 9 3 4 5 2
25032 2025-02-11 3 9 2 7 0
25031 2025-02-10 5 1 3 4 1
25030 2025-02-09 2 9 7 1 8
25029 2025-02-08 4 8 9 4 7
25028 2025-02-07 8 2 2 3 2
25027 2025-02-06 0 4 8 7 3
25026 2025-01-26 3 4 6 3 5
25025 2025-01-25 6 7 7 5 0
25024 2025-01-24 2 2 8 5 0
25023 2025-01-23 7 8 8 0 4
25022 2025-01-22 4 8 4 0 2
25021 2025-01-21 3 4 6 5 2
25020 2025-01-20 1 5 9 7 6
25019 2025-01-19 7 3 4 2 6
25018 2025-01-18 2 9 2 5 5
25017 2025-01-17 9 5 6 9 2
25016 2025-01-16 9 6 3 5 2
25015 2025-01-15 3 9 8 7 8
25014 2025-01-14 5 0 8 7 8
25013 2025-01-13 9 7 8 0 6
25012 2025-01-12 4 7 1 6 8
25011 2025-01-11 0 2 7 4 9
25010 2025-01-10 1 4 3 2 3
25009 2025-01-09 8 0 6 0 2
25008 2025-01-08 1 2 8 0 9
25007 2025-01-07 3 6 2 1 3
25006 2025-01-06 6 5 6 9 3
25005 2025-01-05 6 1 7 7 8
25004 2025-01-04 3 5 1 8 8
25003 2025-01-03 1 6 8 4 4
25002 2025-01-02 9 0 0 6 9
25001 2025-01-01 1 2 3 3 6
24352 2024-12-31 6 9 1 8 9
24351 2024-12-30 7 8 8 8 8
24350 2024-12-29 2 2 0 4 2
24349 2024-12-28 9 0 7 3 2
24348 2024-12-27 1 9 2 0 9
24347 2024-12-26 8 9 3 4 3
24346 2024-12-25 6 7 7 2 2
24345 2024-12-24 6 2 0 3 0
24344 2024-12-23 5 4 6 1 3
24343 2024-12-22 4 8 1 1 5
24342 2024-12-21 0 8 4 8 3
24341 2024-12-20 6 5 3 4 3
24340 2024-12-19 0 3 1 7 2
24339 2024-12-18 9 1 8 6 3
24338 2024-12-17 1 5 5 5 1
24337 2024-12-16 1 7 2 5 4
24336 2024-12-15 2 4 9 6 7
24335 2024-12-14 4 9 9 0 6
24334 2024-12-13 7 4 6 8 1
24333 2024-12-12 8 4 8 5 9
24332 2024-12-11 6 7 9 5 7
24331 2024-12-10 7 1 2 2 7
24330 2024-12-09 8 1 1 3 6
24329 2024-12-08 1 4 7 8 0
24328 2024-12-07 1 2 5 0 4
24327 2024-12-06 1 3 4 2 2
24326 2024-12-05 2 5 7 0 1
24325 2024-12-04 0 2 3 0 7
24324 2024-12-03 6 3 0 1 3
24323 2024-12-02 9 1 4 7 3
24322 2024-12-01 6 7 8 5 8
24321 2024-11-30 0 5 0 0 7
24320 2024-11-29 8 6 3 4 6
24319 2024-11-28 7 9 3 3 5
24318 2024-11-27 2 4 3 9 8
24317 2024-11-26 3 5 5 7 5
24316 2024-11-25 3 3 2 7 5
24315 2024-11-24 0 7 1 1 9
24314 2024-11-23 0 8 0 2 2
24313 2024-11-22 4 7 1 1 6
24312 2024-11-21 4 1 3 2 3
24311 2024-11-20 5 3 3 1 4
24310 2024-11-19 7 1 8 9 6
24309 2024-11-18 4 8 3 0 0
24308 2024-11-17 8 4 3 9 9
24307 2024-11-16 5 8 2 1 6
24306 2024-11-15 5 0 8 8 1
24305 2024-11-14 8 4 1 8 4
24304 2024-11-13 4 2 5 3 8
24303 2024-11-12 2 0 1 9 2
24302 2024-11-11 3 9 8 0 3
24301 2024-11-10 8 7 7 3 3
24300 2024-11-09 9 3 3 3 6
24299 2024-11-08 5 8 1 0 2
24298 2024-11-07 6 8 0 8 8
24297 2024-11-06 0 3 7 1 2
24296 2024-11-05 8 9 8 0 7
24295 2024-11-04 5 5 2 5 2
24294 2024-11-03 7 0 1 9 2
24293 2024-11-02 0 4 4 8 1
24292 2024-11-01 0 3 0 0 0
24291 2024-10-31 3 4 0 4 3
24290 2024-10-30 0 0 4 4 9
24289 2024-10-29 0 0 6 4 3
24288 2024-10-28 8 1 0 9 8
24287 2024-10-27 9 4 5 6 1
24286 2024-10-26 1 5 6 7 8
24285 2024-10-25 3 4 7 4 6
24284 2024-10-24 0 3 4 6 5
24283 2024-10-23 2 8 5 5 5
24282 2024-10-22 9 0 5 5 6
24281 2024-10-21 4 6 5 0 6
24280 2024-10-20 8 5 9 7 1
24279 2024-10-19 8 8 6 7 2
24278 2024-10-18 1 3 4 4 3
24277 2024-10-17 6 2 3 6 4
24276 2024-10-16 0 8 8 7 8
24275 2024-10-15 6 8 1 3 2
24274 2024-10-14 2 7 4 8 3
24273 2024-10-13 8 1 2 3 9
24272 2024-10-12 4 3 6 9 2
24271 2024-10-11 3 9 5 7 3
24270 2024-10-10 8 0 1 6 7
24269 2024-10-09 3 2 4 3 2
24268 2024-10-08 8 3 1 3 8
24267 2024-10-07 8 4 1 7 4
24266 2024-10-06 1 4 3 4 6
24265 2024-10-05 7 0 1 0 4
24264 2024-09-30 3 4 7 3 5
24263 2024-09-29 4 0 4 8 4
24262 2024-09-28 2 1 6 4 6
24261 2024-09-27 1 9 5 9 9
24260 2024-09-26 5 2 3 2 5
24259 2024-09-25 4 4 4 6 9
24258 2024-09-24 6 9 0 5 7
24257 2024-09-23 0 0 8 6 3
24256 2024-09-22 5 4 9 1 3
24255 2024-09-21 1 5 5 8 7
24254 2024-09-20 4 2 3 1 4
24253 2024-09-19 1 4 8 3 0
24252 2024-09-18 7 0 0 5 2
24251 2024-09-17 3 5 6 2 7
24250 2024-09-16 6 0 6 9 2
24249 2024-09-15 1 9 8 3 2
24248 2024-09-14 9 5 4 3 4
24247 2024-09-13 4 3 4 8 9
24246 2024-09-12 8 1 6 4 6
24245 2024-09-11 1 8 4 9 4
24244 2024-09-10 3 6 8 9 4
24243 2024-09-09 9 1 6 3 0
24242 2024-09-08 1 8 8 9 4
24241 2024-09-07 0 6 3 9 2
24240 2024-09-06 8 1 5 2 6
24239 2024-09-05 1 6 8 4 8
24238 2024-09-04 4 3 0 6 7
24237 2024-09-03 3 5 6 8 5
24236 2024-09-02 3 7 6 9 7
24235 2024-09-01 9 5 4 1 1
24234 2024-08-31 2 7 5 9 3
24233 2024-08-30 4 9 8 4 6
24232 2024-08-29 2 9 7 6 1
24231 2024-08-28 6 9 6 4 9
24230 2024-08-27 0 8 8 3 7
24229 2024-08-26 9 2 6 1 6
24228 2024-08-25 2 7 4 1 2
24227 2024-08-24 9 9 5 1 2
24226 2024-08-23 2 3 2 3 4
24225 2024-08-22 7 5 8 6 3
24224 2024-08-21 8 3 5 2 9
24223 2024-08-20 5 4 9 1 2
24222 2024-08-19 9 9 3 3 8
24221 2024-08-18 5 0 0 5 0
24220 2024-08-17 7 2 4 1 5
24219 2024-08-16 9 7 1 7 0
24218 2024-08-15 2 9 1 7 8
24217 2024-08-14 1 1 1 0 9
24216 2024-08-13 8 4 8 3 9
24215 2024-08-12 8 7 7 5 4
24214 2024-08-11 1 4 5 3 3
24213 2024-08-10 7 3 4 6 2
24212 2024-08-09 7 2 7 0 3
24211 2024-08-08 6 4 9 7 5
24210 2024-08-07 2 8 5 9 1
24209 2024-08-06 5 3 5 5 6
24208 2024-08-05 9 7 3 7 1
24207 2024-08-04 9 8 2 0 5
24206 2024-08-03 4 4 6 6 4
24205 2024-08-02 2 4 1 6 9
24204 2024-08-01 0 4 7 9 4
24203 2024-07-31 5 9 2 6 9
24202 2024-07-30 1 8 7 0 8
24201 2024-07-29 5 1 5 2 2
24200 2024-07-28 3 8 0 7 1
24199 2024-07-27 5 5 8 1 5
24198 2024-07-26 5 5 0 0 3
24197 2024-07-25 1 0 5 6 1
24196 2024-07-24 5 3 9 0 5
24195 2024-07-23 5 1 7 0 4
24194 2024-07-22 0 7 8 9 1
24193 2024-07-21 0 0 6 2 9
24192 2024-07-20 3 4 0 7 1
24191 2024-07-19 4 3 9 2 4
24190 2024-07-18 6 4 4 9 2
24189 2024-07-17 7 9 3 2 2
24188 2024-07-16 0 2 4 4 3
24187 2024-07-15 8 8 3 5 8
24186 2024-07-14 3 6 7 3 4
24185 2024-07-13 8 8 4 9 6
24184 2024-07-12 7 3 0 4 9
24183 2024-07-11 5 0 0 9 5
24182 2024-07-10 2 8 2 4 7
24181 2024-07-09 3 2 3 9 5
24180 2024-07-08 2 1 5 4 9
24179 2024-07-07 5 3 5 4 4
24178 2024-07-06 6 6 3 4 7
24177 2024-07-05 5 7 9 8 2
24176 2024-07-04 9 3 2 5 0
24175 2024-07-03 1 9 5 0 6
24174 2024-07-02 1 9 1 8 5
24173 2024-07-01 6 5 8 8 7
24172 2024-06-30 4 0 0 5 5
24171 2024-06-29 0 7 0 7 8
24170 2024-06-28 0 3 1 7 3
24169 2024-06-27 7 5 9 3 1
24168 2024-06-26 5 4 1 4 7
24167 2024-06-25 5 0 7 6 8
24166 2024-06-24 4 7 9 5 8
24165 2024-06-23 9 3 2 9 4
24164 2024-06-22 0 0 6 7 2
24163 2024-06-21 5 1 4 6 5
24162 2024-06-20 3 2 0 4 4
24161 2024-06-19 6 4 9 4 9
24160 2024-06-18 4 2 5 5 3
24159 2024-06-17 4 3 0 6 7
24158 2024-06-16 6 0 6 4 7
24157 2024-06-15 2 1 1 3 8
24156 2024-06-14 1 7 2 4 4
24155 2024-06-13 8 8 9 7 8
24154 2024-06-12 9 8 3 5 3
24153 2024-06-11 3 8 9 5 5
24152 2024-06-10 9 3 6 4 8
24151 2024-06-09 9 0 0 3 1
24150 2024-06-08 1 2 9 0 4
24149 2024-06-07 6 7 6 1 5
24148 2024-06-06 3 4 3 0 5
24147 2024-06-05 5 5 8 7 1
24146 2024-06-04 9 9 1 9 7
24145 2024-06-03 2 0 5 7 1
24144 2024-06-02 1 4 7 8 6
24143 2024-06-01 1 8 5 0 6
24142 2024-05-31 4 2 6 3 2
24141 2024-05-30 8 0 4 3 6
24140 2024-05-29 5 2 0 8 6
24139 2024-05-28 5 3 6 9 3
24138 2024-05-27 9 9 7 5 5
24137 2024-05-26 1 2 8 7 9
24136 2024-05-25 0 6 2 8 1
24135 2024-05-24 8 9 1 6 0
24134 2024-05-23 6 6 0 7 9
24133 2024-05-22 2 8 1 2 1
24132 2024-05-21 6 0 4 4 8
24131 2024-05-20 5 7 1 4 1
24130 2024-05-19 1 2 2 0 2
24129 2024-05-18 2 7 8 7 3
24128 2024-05-17 0 1 7 8 0
24127 2024-05-16 7 4 4 0 5
24126 2024-05-15 3 7 9 5 2
24125 2024-05-14 7 0 6 8 0
24124 2024-05-13 8 3 5 0 3
24123 2024-05-12 5 3 8 5 8
24122 2024-05-11 2 4 6 3 8
24121 2024-05-10 5 1 8 4 4
24120 2024-05-09 5 2 9 1 1
24119 2024-05-08 2 5 5 3 3
24118 2024-05-07 7 3 3 7 2
24117 2024-05-06 1 8 5 8 6
24116 2024-05-05 3 4 8 4 5
24115 2024-05-04 6 2 0 2 3
24114 2024-05-03 5 4 8 5 6
24113 2024-05-02 3 4 5 0 0
24112 2024-05-01 2 1 8 0 3
24111 2024-04-30 3 3 6 7 1
24110 2024-04-29 6 2 9 0 4
24109 2024-04-28 2 4 3 6 6
24108 2024-04-27 2 5 2 8 3
24107 2024-04-26 4 9 9 3 6
24106 2024-04-25 5 3 3 2 3
24105 2024-04-24 2 1 0 1 5
24104 2024-04-23 4 7 4 2 8
24103 2024-04-22 5 5 1 2 0
24102 2024-04-21 2 1 5 3 6
24101 2024-04-20 0 3 0 7 4
24100 2024-04-19 1 5 7 7 1
24099 2024-04-18 1 0 2 5 4
24098 2024-04-17 2 4 7 0 5
24097 2024-04-16 8 6 3 7 2
24096 2024-04-15 4 6 3 5 2
24095 2024-04-14 1 7 5 4 3
24094 2024-04-13 2 7 1 7 6
24093 2024-04-12 9 3 5 3 8
24092 2024-04-11 1 5 0 4 4
24091 2024-04-10 1 9 6 5 1
24090 2024-04-09 2 0 6 2 6
24089 2024-04-08 1 1 7 0 4
24088 2024-04-07 8 1 9 5 2
24087 2024-04-06 1 6 1 0 7
24086 2024-04-05 2 7 8 3 5
24085 2024-04-04 4 9 3 6 1
24084 2024-04-03 5 4 9 4 7
24083 2024-04-02 2 3 2 1 9
24082 2024-04-01 5 7 1 5 4
24081 2024-03-31 9 2 8 5 1
24080 2024-03-30 0 1 2 6 4
24079 2024-03-29 8 8 9 0 8
24078 2024-03-28 1 2 6 8 0
24077 2024-03-27 6 2 6 8 5
24076 2024-03-26 9 6 8 7 5
24075 2024-03-25 2 8 5 0 8
24074 2024-03-24 6 2 9 5 2
24073 2024-03-23 5 9 0 4 3
24072 2024-03-22 3 4 1 5 3
24071 2024-03-21 2 5 8 2 0
24070 2024-03-20 8 9 1 0 3
24069 2024-03-19 4 1 1 0 9
24068 2024-03-18 2 3 9 8 1
24067 2024-03-17 5 4 9 6 9
24066 2024-03-16 8 0 3 8 3
24065 2024-03-15 9 0 3 7 6
24064 2024-03-14 1 3 2 2 8
24063 2024-03-13 6 5 1 9 0
24062 2024-03-12 7 8 4 5 5
24061 2024-03-11 2 5 0 7 0
24060 2024-03-10 3 5 7 2 6
24059 2024-03-09 6 2 9 7 9
24058 2024-03-08 0 6 5 4 8
24057 2024-03-07 7 6 5 8 5
24056 2024-03-06 7 8 8 3 0
24055 2024-03-05 1 7 3 3 3
24054 2024-03-04 2 2 1 8 7
24053 2024-03-03 9 5 8 2 8
24052 2024-03-02 9 9 5 0 5
24051 2024-03-01 6 7 4 7 5
24050 2024-02-29 4 9 5 9 5
24049 2024-02-28 6 3 1 0 1
24048 2024-02-27 3 9 6 3 5
24047 2024-02-26 7 6 0 8 8
24046 2024-02-25 7 0 2 6 3
24045 2024-02-24 7 5 7 8 3
24044 2024-02-23 8 8 5 2 8
24043 2024-02-22 2 9 6 0 8
24042 2024-02-21 3 4 2 7 6
24041 2024-02-20 9 0 5 5 8
24040 2024-02-19 5 1 4 7 7
24039 2024-02-18 5 0 8 6 8
24038 2024-02-07 5 2 9 4 6
24037 2024-02-06 9 1 0 7 6
24036 2024-02-05 5 4 7 9 1
24035 2024-02-04 3 0 6 5 3
24034 2024-02-03 0 1 7 3 3
24033 2024-02-02 7 3 9 3 6
24032 2024-02-01 8 0 5 2 6
24031 2024-01-31 6 8 2 4 0
24030 2024-01-30 9 5 1 4 7
24029 2024-01-29 5 7 5 4 8
24028 2024-01-28 2 5 9 3 9
24027 2024-01-27 5 0 2 4 2
24026 2024-01-26 7 5 1 0 2
24025 2024-01-25 3 1 4 9 7
24024 2024-01-24 1 9 9 7 9
24023 2024-01-23 7 9 3 4 8
24022 2024-01-22 1 2 4 0 6
24021 2024-01-21 3 7 0 7 2
24020 2024-01-20 4 0 6 5 7
24019 2024-01-19 3 1 3 8 4
24018 2024-01-18 8 5 9 4 2
24017 2024-01-17 5 5 5 5 5
24016 2024-01-16 7 0 2 5 3
24015 2024-01-15 4 7 5 6 5
24014 2024-01-14 1 8 7 7 6
24013 2024-01-13 9 8 5 7 5
24012 2024-01-12 0 8 1 5 2
24011 2024-01-11 0 8 0 8 8
24010 2024-01-10 2 8 1 3 2
24009 2024-01-09 8 1 5 0 3
24008 2024-01-08 4 0 5 0 5
24007 2024-01-07 8 8 8 9 8
24006 2024-01-06 2 8 4 7 7
24005 2024-01-05 2 5 9 4 6
24004 2024-01-04 6 6 5 9 6
24003 2024-01-03 6 6 6 3 3
24002 2024-01-02 5 4 4 4 4
24001 2024-01-01 4 0 3 3 9
23351 2023-12-31 5 7 1 8 0
23350 2023-12-30 1 9 7 9 4
23349 2023-12-29 9 2 3 2 1
23348 2023-12-28 5 9 7 1 6
23347 2023-12-27 7 4 2 1 6
23346 2023-12-26 2 5 8 0 3
23345 2023-12-25 6 7 8 7 8
23344 2023-12-24 8 0 1 7 3
23343 2023-12-23 7 3 0 6 1
23342 2023-12-22 9 7 8 1 5
23341 2023-12-21 3 4 1 5 8
23340 2023-12-20 0 8 9 9 6
23339 2023-12-19 4 8 2 8 6
23338 2023-12-18 3 8 0 1 9
23337 2023-12-17 8 4 6 5 4
23336 2023-12-16 8 2 1 6 2
23335 2023-12-15 0 4 7 3 9
23334 2023-12-14 5 8 7 9 3
23333 2023-12-13 9 8 9 4 0
23332 2023-12-12 6 6 7 2 6
23331 2023-12-11 4 0 2 1 5
23330 2023-12-10 5 3 1 8 5
23329 2023-12-09 2 8 9 5 9
23328 2023-12-08 8 8 2 1 2
23327 2023-12-07 3 1 4 7 2
23326 2023-12-06 7 9 0 1 8
23325 2023-12-05 7 1 7 9 3
23324 2023-12-04 6 0 2 4 6
23323 2023-12-03 9 4 5 5 0
23322 2023-12-02 1 7 4 2 8
23321 2023-12-01 2 1 1 1 3
23320 2023-11-30 6 9 7 7 1
23319 2023-11-29 9 6 5 9 8
23318 2023-11-28 7 9 0 0 5
